1006
1007
1008
1014
1009
1011
1017
1018
1036
1015
1016
1022
1017
1036
1025
1026
1044
1023
1029
1036
1025
1044
1033
1034
1029
1031
1037
1044
1033
1035
1036
1042
1037
1039
1045
1046
1064
1043
1044
1050
1045
1064
1053
1054
1072
1051
1057
1064
1053
1072
1061
1062
1057
1059
1065
1072
1061
1063
1064
1070
1065
1067
1073
1074
1092
1071
1072
1078
1073
1092
1081
1082
1112
1079
1085
1092
1081
1112
1089
1090
1085
1087
1093
1112
1089
1091
1092
1098
1093
1095
1102
1103
1104
1099
1112
1101
1102
1104
1110
1105
1112
1107
1113
1114
1132
1111
1112
1118
1113
1132
1121
1122
1140
1119
1125
1132
1121
1140
1129
1130
1125
1127
1133
1140
1129
1131
1132
1138
1133
1135
1141
1142
1160
1139
1140
1146
1141
1160
1149
1150
1168
1147
1153
1160
1149
1168
1157
1158
1153
1155
1161
1168
1157
1159
1160
1166
1161
1163
1169
1170
1188
1167
1168
1174
1169
1188
1177
1178
1196
1175
1181
1188
1177
1196
1185
1186
1181
1183
1189
1196
1185
1187
1188
1194
1189
1191
1197
1198
1216
1195
1196
1202
1197
1216
1205
1206
1224
1203
1209
1216
1205
1224
1213
1214
1209
1211
1217
1224
1213
1215
1216
1222
1217
1219
1225
1226
1244
1223
1224
1230
1225
1244
1233
1234
1252
1231
1237
1244
1233
1252
1241
1242
1237
1239
1245
1252
1241
1243
1244
1250
1245
1247
1253
1254
1272
1251
1252
1258
1253
1272
1261
1262
1280
1259
1265
1272
1261
1280
1269
1270
1265
1267
1273
1280
1269
1271
1272
1278
1273
1275
1281
1282
1312
1279
1280
1286
1281
1312
1289
1290
1320
1287
1293
1312
1289
1320
1297
1298
1293
1295
1302
1320
1297
1299
1312
1301
1302
1309
1310
1305
1312
1307
1313
1320
1309
1311
1312
1318
1313
1315
1321
1322
1340
1319
1320
1326
1321
1340
1329
1330
1348
1327
1333
1340
1329
1348
1337
1338
1333
1335
1341
1348
1337
1339
1340
1346
1341
1343
1349
1350
1368
1347
1348
1354
1349
1368
1357
1358
1376
1355
1361
1368
1357
1376
1365
1366
1361
1363
1369
1376
1365
1367
1368
1374
1369
1371
1377
1378
1396
1375
1376
1382
1377
1396
1385
1386
1416
1383
1389
1396
1385
1416
1393
1394
1389
1391
1397
1416
1393
1395
1396
1403
1397
1399
1400
1401
1408
1409
1416
1405
1406
1407
1408
1414
1409
1411
1417
1418
1436
1415
1416
1422
1417
1436
1425
1426
1444
1423
1429
1436
1425
1444
1433
1434
1429
1431
1437
1444
1433
1435
1436
1442
1437
1439
1445
1446
1464
1443
1444
1450
1445
1464
1453
1454
1472
1451
1457
1464
1453
1472
1461
1462
1457
1459
1465
1472
1461
1463
1464
1470
1465
1467
1473
1474
1492
1471
1472
1478
1473
1492
1481
1482
1512
1479
1485
1492
1481
1512
1489
1490
1485
1487
1493
1512
1489
1491
1492
1498
1493
1495
1502
1503
1504
1499
1512
1501
1502
1504
1510
1505
1512
1507
1513
1514
1532
1511
1512
1518
1513
1532
1521
1522
1540
1519
1525
1532
1521
1540
1529
1530
1525
1527
1533
1540
1529
1531
1532
1538
1533
1535
1541
1542
1560
1539
1540
1546
1541
1560
1549
1550
1568
1547
1553
1560
1549
1568
1557
1558
1553
1555
1561
1568
1557
1559
1560
1566
1561
1563
1569
1570
1588
1567
1568
1574
1569
1588
1577
1578
1596
1575
1581
1588
1577
1596
1585
1586
1581
1583
1589
1596
1585
1587
1588
1594
1589
1591
1597
1598
1616
1595
1596
1602
1597
1616
1605
1606
1624
1603
1609
1616
1605
1624
1613
1614
1609
1611
1617
1624
1613
1615
1616
1622
1617
1619
1625
1626
1644
1623
1624
1630
1625
1644
1633
1634
1652
1631
1637
1644
1633
1652
1641
1642
1637
1639
1645
1652
1641
1643
1644
1650
1645
1647
1653
1654
1672
1651
1652
1658
1653
1672
1661
1662
1680
1659
1665
1672
1661
1680
1669
1670
1665
1667
1673
1680
1669
1671
1672
1678
1673
1675
1681
1682
1712
1679
1680
1686
1681
1712
1689
1690
1720
1687
1693
1712
1689
1720
1697
1698
1693
1695
1702
1720
1697
1699
1712
1701
1702
1709
1710
1705
1712
1707
1713
1720
1709
1711
1712
1718
1713
1715
1721
1722
1740
1719
1720
1726
1721
1740
1729
1730
1748
1727
1733
1740
1729
1748
1737
1738
1733
1735
1741
1748
1737
1739
1740
1746
1741
1743
1749
1750
1768
1747
1748
1754
1749
1768
1757
1758
1776
1755
1761
1768
1757
1776
1765
1766
1761
1763
1769
1776
1765
1767
1768
1774
1769
1771
1777
1778
1796
1775
1776
1782
1777
1796
1785
1786
1816
1783
1789
1796
1785
1816
1793
1794
1789
1791
1797
1816
1793
1795
1796
1803
1797
1799
1800
1801
1808
1809
1816
1805
1806
1807
1808
1814
1809
1811
1817
1818
1836
1815
1816
1822
1817
1836
1825
1826
1844
1823
1829
1836
1825
1844
1833
1834
1829
1831
1837
1844
1833
1835
1836
1842
1837
1839
1845
1846
1864
1843
1844
1850
1845
1864
1853
1854
1872
1851
1857
1864
1853
1872
1861
1862
1857
1859
1865
1872
1861
1863
1864
1870
1865
1867
1873
1874
1892
1871
1872
1878
1873
1892
1881
1882
1912
1879
1885
1892
1881
1912
1889
1890
1885
1887
1893
1912
1889
1891
1892
1898
1893
1895
1902
1903
1904
1899
1912
1901
1902
1904
1910
1905
1912
1907
1913
1914
1932
1911
1912
1918
1913
1932
1921
1922
1940
1919
1925
1932
1921
1940
1929
1930
1925
1927
1933
1940
1929
1931
1932
1938
1933
1935
1941
1942
1960
1939
1940
1946
1941
1960
1949
1950
1968
1947
1953
1960
1949
1968
1957
1958
1953
1955
1961
1968
1957
1959
1960
1966
1961
1963
1969
1970
1988
1967
1968
1974
1969
1988
1977
1978
1996
1975
1981
1988
1977
1996
1985
1986
1981
1983
1989
1996
1985
1987
1988
1994
1989
1991
1997
1998
2016
1995
1996
2002
1997
2016
2005
2006
2024
2003
2009
2016
2005
2024
2013
2014
2009
2011
2017
2024
2013
2015
2016
2022
2017
2019
2025
2026
2044
2023
2024
2030
2025
2044
2033
2034
2052
2031
2037
2044
2033
2052
2041
2042
2037
2039
2045
2052
2041
2043
2044
2050
2045
2047
2053
2054
2072
2051
2052
2058
2053
2072
2061
