Actual
 0 55 15 40  6  9 21 19  3  3  4  5 13  8  9 10  1  2  0  0  0  0  0  0  6  7  0  0  0  0  0  0  0  0  0  0  0  0  0  0 
Lazy
 0  0  0  0  0  0  0  0  0  0  0  0  0  0  0  0  0  0  0  0  0  0  0  0  0  0  0  0  0  0  0  0  0  0  0  0  0  0  0  0 
4
9
15
22
30
39
49
60
72
75
Actual
 0 75 25 50 12 13 27 23  7  5  6  7 17 10 11 12  3  4  0  0  0  0  0  0  8  9  0  0  0  0  0  0  0  0  0  0  0  0  0  0 
Lazy
 0  0  0  0  0  0  0  0  0  2  2  2  0  2  2  2  2  2  0  0  0  0  0  0  2  2  0  0  0  0  0  0  0  0  0  0  0  0  0  0 
