10
15
53 99 12 15 75 69 29 20 60 69 84 100 18 31 84 
5 34 35 34 32 6 47 46 31 42 7 27 47 5 43 
8
61 76 22 75 51 91 4 70 
29 41 30 29 51 48 19 56 
23
96 57 1 7 42 85 63 16 96 11 100 4 88 11 64 63 33 39 13 23 43 82 73 
7 17 11 2 9 28 49 31 26 28 31 29 48 23 11 7 21 16 7 23 9 12 5 
41
57 48 94 80 90 76 53 4 10 75 7 28 30 7 89 82 63 51 39 61 97 60 74 38 91 88 84 9 12 93 90 68 41 84 47 31 59 99 34 69 74 
24 57 2 28 51 50 6 22 14 42 20 49 26 42 44 19 32 49 25 28 43 6 51 33 34 10 9 33 30 49 17 54 47 19 23 39 10 28 1 24 11 
18
22 62 3 95 93 57 77 35 3 49 45 89 4 1 5 17 57 55 
43 37 20 34 8 36 19 15 13 19 31 21 33 41 4 34 38 1 
20
65 36 38 13 81 26 16 81 30 33 37 85 33 22 29 11 39 12 54 71 
17 40 18 37 31 15 40 22 10 41 37 37 14 11 1 6 21 8 39 34 
27
32 66 83 53 94 94 92 6 48 62 46 45 5 34 18 41 31 70 65 29 58 54 62 84 55 75 35 
39 38 9 12 1 44 3 29 41 53 24 44 25 4 14 49 6 33 4 28 49 42 9 10 19 37 44 
11
23 55 53 95 24 68 17 24 49 22 77 
11 9 10 2 30 13 14 25 18 42 28 
44
79 36 3 98 70 72 78 88 95 33 40 89 56 8 6 80 56 27 57 80 46 78 83 9 4 12 61 41 1 20 28 80 56 31 77 25 2 54 13 96 86 52 85 42 
31 46 11 8 9 40 49 32 29 40 36 30 46 16 51 46 26 14 35 3 29 23 16 30 50 22 28 43 48 20 13 28 15 24 35 23 13 33 3 41 21 38 20 15 
5
38 18 55 64 85 
31 11 16 47 41